242
10
14
17
23
30
175
80
164
215
134
117
236
67
209
186
16
234
2
72
122
113
159
178
234
176
107
211
209
206
48
14
175
172
44
200
47
58
91
243
111
54
157
220
237
119
183
43
106
147
111
75
44
205
102
209
142
198
16
119
127
164
154
111
131
249
73
237
169
42
242
18
42
196
239
16
1
186
239
163
133
10
55
129
243
61
224
174
102
206
246
222
134
29
212
153
76
192
9
174
205
192
155
49
229
189
187
205
137
253
63
214
65
61
134
46
46
112
210
154
31
19
60
70
164
160
188
61
156
43
19
145
184
124
60
110
204
31
203
9
215
235
21
233
110
68
177
33
8
156
37
137
235
101
117
220
91
40
235
21
163
117
33
249
56
175
247
245
154
238
96
207
1
20
192
141
94
132
218
156
106
68
36
235
12
185
117
61
46
89
251
221
131
196
157
59
177
135
47
42
12
232
182
73
28
103
160
214
185
72
0
76
250
151
0
167
80
205
93
95
71
52
27
79
82
40
25
147
249
12
12
24
45
187
111
200
22
105
82
107
40
231
247
38
246
44
13
205
172
105
156
110
13
93
173
77
237
81
36
12
217
160
197
235
49
114
164
232
126
14
130
112
93
105
189
83
242
4
84
7
194
191
136
152
58
238
108
238
115
34
91
208
199
21
136
62
241
242
17
97
101
165
231
178
31
195
190
157
107
102
127
8
134
156
180
74
208
50
113
187
157
67
92
33
132
1
101
154
21
123
36
199
221